0.1	-0.195006
0.15	-0.192519
0.2	-0.190044
0.25	-0.187585
0.3	-0.185144
0.35	-0.182724
0.4	-0.180328
0.45	-0.177958
0.5	-0.175615
0.55	-0.173302
0.6	-0.171021
0.65	-0.168771
0.7	-0.166555
0.75	-0.164374
0.8	-0.162227
0.85	-0.160115
0.9	-0.15804
0.95	-0.156
1	-0.153996
1.05	-0.152029
1.1	-0.150097
1.15	-0.148201
1.2	-0.146341
1.25	-0.144516
1.3	-0.142725
1.35	-0.140969
1.4	-0.139247
1.45	-0.137558
1.5	-0.135902
1.55	-0.134278
1.6	-0.132686
1.65	-0.131125
1.7	-0.129594
1.75	-0.128094
1.8	-0.126623
1.85	-0.12518
1.9	-0.123765
1.95	-0.122378
2	-0.121018
2.05	-0.119684
2.1	-0.118376
2.15	-0.117093
2.2	-0.115834
2.25	-0.114599
2.3	-0.113388
2.35	-0.1122
2.4	-0.111034
2.45	-0.109889
2.5	-0.108766
2.55	-0.107664
2.6	-0.106582
2.65	-0.105519
2.7	-0.104476
2.75	-0.103452
2.8	-0.102447
2.85	-0.101459
2.9	-0.100489
2.95	-0.0995356
3	-0.0985992
3.05	-0.0976792
3.1	-0.0967752
3.15	-0.0958867
3.2	-0.0950134
3.25	-0.094155
3.3	-0.0933112
3.35	-0.0924814
3.4	-0.0916656
3.45	-0.0908632
3.5	-0.0900741
3.55	-0.0892979
3.6	-0.0885344
3.65	-0.0877832
3.7	-0.087044
3.75	-0.0863166
3.8	-0.0856008
3.85	-0.0848963
3.9	-0.0842028
3.95	-0.08352
4	-0.0828478
4.05	-0.0821859
4.1	-0.0815342
4.15	-0.0808923
4.2	-0.08026
4.25	-0.0796372
4.3	-0.0790237
4.35	-0.0784193
4.4	-0.0778237
4.45	-0.0772368
4.5	-0.0766584
4.55	-0.0760884
4.6	-0.0755265
4.65	-0.0749726
4.7	-0.0744265
4.75	-0.0738881
4.8	-0.0733572
4.85	-0.0728337
4.9	-0.0723174
4.95	-0.0718082
5	-0.0713059
5.05	-0.0708104
5.1	-0.0703216
5.15	-0.0698393
5.2	-0.0693634
5.25	-0.0688939
5.3	-0.0684305
5.35	-0.0679731
5.4	-0.0675217
5.45	-0.0670761
5.5	-0.0666362
5.55	-0.066202
5.6	-0.0657732
5.65	-0.0653498
5.7	-0.0649318
5.75	-0.064519
5.8	-0.0641112
5.85	-0.0637086
5.9	-0.0633108
5.95	-0.0629179
6	-0.0625297
6.05	-0.0621462
6.1	-0.0617673
6.15	-0.061393
6.2	-0.061023
6.25	-0.0606575
6.3	-0.0602962
6.35	-0.0599391
6.4	-0.0595861
6.45	-0.0592372
6.5	-0.0588924
6.55	-0.0585514
6.6	-0.0582143
6.65	-0.057881
6.7	-0.0575515
6.75	-0.0572256
6.8	-0.0569034
6.85	-0.0565847
6.9	-0.0562695
6.95	-0.0559578
7	-0.0556494
7.05	-0.0553444
7.1	-0.0550427
7.15	-0.0547442
7.2	-0.0544489
7.25	-0.0541567
7.3	-0.0538676
7.35	-0.0535815
7.4	-0.0532984
7.45	-0.0530183
7.5	-0.052741
7.55	-0.0524666
7.6	-0.052195
7.65	-0.0519262
7.7	-0.0516601
7.75	-0.0513967
7.8	-0.0511359
7.85	-0.0508778
7.9	-0.0506222
7.95	-0.0503691
8	-0.0501186
8.05	-0.0498704
8.1	-0.0496247
8.15	-0.0493814
8.2	-0.0491405
8.25	-0.0489018
8.3	-0.0486655
8.35	-0.0484314
8.4	-0.0481995
8.45	-0.0479698
8.5	-0.0477423
8.55	-0.0475169
8.6	-0.0472936
8.65	-0.0470724
8.7	-0.0468532
8.75	-0.046636
8.8	-0.0464208
8.85	-0.0462076
8.9	-0.0459963
8.95	-0.045787
9	-0.0455795
9.05	-0.0453738
9.1	-0.04517
9.15	-0.044968
9.2	-0.0447678
9.25	-0.0445694
9.3	-0.0443727
9.35	-0.0441777
9.4	-0.0439844
9.45	-0.0437928
9.5	-0.0436028
9.55	-0.0434145
9.6	-0.0432277
9.65	-0.0430426
9.7	-0.042859
9.75	-0.042677
9.8	-0.0424965
9.85	-0.0423175
9.9	-0.04214
9.95	-0.041964
10	-0.0417894
10.05	-0.0416163
10.1	-0.0414446
10.15	-0.0412743
10.2	-0.0411054
10.25	-0.0409378
10.3	-0.0407716
10.35	-0.0406068
10.4	-0.0404432
10.45	-0.040281
10.5	-0.04012
10.55	-0.0399604
10.6	-0.0398019
10.65	-0.0396448
10.7	-0.0394888
10.75	-0.0393341
10.8	-0.0391806
10.85	-0.0390283
10.9	-0.0388771
10.95	-0.0387271
11	-0.0385783
11.05	-0.0384305
11.1	-0.0382839
11.15	-0.0381385
11.2	-0.0379941
11.25	-0.0378508
11.3	-0.0377085
11.35	-0.0375674
11.4	-0.0374272
11.45	-0.0372881
11.5	-0.0371501
11.55	-0.037013
11.6	-0.036877
11.65	-0.0367419
11.7	-0.0366078
11.75	-0.0364747
11.8	-0.0363426
11.85	-0.0362114
11.9	-0.0360812
11.95	-0.0359518
12	-0.0358234
12.05	-0.0356959
12.1	-0.0355694
12.15	-0.0354437
12.2	-0.0353188
12.25	-0.0351949
12.3	-0.0350718
12.35	-0.0349496
12.4	-0.0348282
12.45	-0.0347077
12.5	-0.0345879
12.55	-0.034469
12.6	-0.034351
12.65	-0.0342337
12.7	-0.0341172
12.75	-0.0340015
12.8	-0.0338866
12.85	-0.0337724
12.9	-0.033659
12.95	-0.0335464
13	-0.0334345
13.05	-0.0333234
13.1	-0.033213
13.15	-0.0331033
13.2	-0.0329944
13.25	-0.0328861
13.3	-0.0327786
13.35	-0.0326717
13.4	-0.0325656
13.45	-0.0324601
13.5	-0.0323553
13.55	-0.0322512
13.6	-0.0321478
13.65	-0.032045
13.7	-0.0319429
13.75	-0.0318414
13.8	-0.0317405
13.85	-0.0316403
13.9	-0.0315407
13.95	-0.0314418
14	-0.0313434
14.05	-0.0312457
14.1	-0.0311486
14.15	-0.0310521
14.2	-0.0309561
14.25	-0.0308608
14.3	-0.030766
14.35	-0.0306719
14.4	-0.0305783
14.45	-0.0304852
14.5	-0.0303928
14.55	-0.0303008
14.6	-0.0302095
14.65	-0.0301187
14.7	-0.0300284
14.75	-0.0299387
14.8	-0.0298495
14.85	-0.0297608
14.9	-0.0296726
14.95	-0.029585
15	-0.0294979
15.05	-0.0294113
15.1	-0.0293252
15.15	-0.0292396
15.2	-0.0291545
15.25	-0.0290699
15.3	-0.0289858
15.35	-0.0289022
15.4	-0.028819
15.45	-0.0287363
15.5	-0.0286541
15.55	-0.0285724
15.6	-0.0284911
15.65	-0.0284103
15.7	-0.02833
15.75	-0.02825
15.8	-0.0281706
15.85	-0.0280916
15.9	-0.028013
15.95	-0.0279349
16	-0.0278572
16.05	-0.0277799
16.1	-0.0277031
16.15	-0.0276267
16.2	-0.0275507
16.25	-0.0274751
16.3	-0.0273999
16.35	-0.0273251
16.4	-0.0272508
16.45	-0.0271768
16.5	-0.0271033
16.55	-0.0270301
16.6	-0.0269574
16.65	-0.026885
16.7	-0.026813
16.75	-0.0267414
16.8	-0.0266702
16.85	-0.0265993
16.9	-0.0265289
16.95	-0.0264588
17	-0.026389
17.05	-0.0263197
17.1	-0.0262507
17.15	-0.026182
17.2	-0.0261137
17.25	-0.0260458
17.3	-0.0259782
17.35	-0.025911
17.4	-0.0258441
17.45	-0.0257776
17.5	-0.0257114
17.55	-0.0256456
17.6	-0.02558
17.65	-0.0255148
17.7	-0.02545
17.75	-0.0253855
17.8	-0.0253213
17.85	-0.0252574
17.9	-0.0251938
17.95	-0.0251306
18	-0.0250677
18.05	-0.025005
18.1	-0.0249427
18.15	-0.0248808
18.2	-0.0248191
18.25	-0.0247577
18.3	-0.0246966
18.35	-0.0246359
18.4	-0.0245754
18.45	-0.0245152
18.5	-0.0244553
18.55	-0.0243957
18.6	-0.0243364
18.65	-0.0242774
18.7	-0.0242186
18.75	-0.0241602
18.8	-0.024102
18.85	-0.0240441
18.9	-0.0239865
18.95	-0.0239292
19	-0.0238721
19.05	-0.0238153
19.1	-0.0237588
19.15	-0.0237025
19.2	-0.0236465
19.25	-0.0235908
19.3	-0.0235354
19.35	-0.0234801
19.4	-0.0234252
19.45	-0.0233705
19.5	-0.0233161
19.55	-0.0232619
19.6	-0.0232079
19.65	-0.0231543
19.7	-0.0231008
19.75	-0.0230476
19.8	-0.0229947
19.85	-0.022942
19.9	-0.0228895
19.95	-0.0228373
